1, 0, 7
1, 1, 14
1, 2, 17
1, 3, 22
2, 6, 23
2, 10, 23, 4
2, 11, 23, 5
1, 4, 24
2, 0, 30
2, 1, 31
1, 11, 31, 3
1, 9, 31, 4
2, 7, 31, 4, 6
1, 10, 31, 4, 10
2, 8, 31, 4, 18
2, 9, 31, 4, 28
2, 2, 31, 5
2, 3, 31, 7
2, 4, 31, 11
2, 5, 31, 13
1, 5, 31, 56
1, 6, 31, 59
1, 7, 31, 60
1, 8, 31, 62
1, 12, 31, 63
1, 13, 31, 63, 9
1, 14, 31, 63, 13
1, 15, 31, 63, 16
1, 16, 31, 63, 25
1, 17, 31, 63, 28
1, 18, 31, 63, 30
1, 19, 31, 63, 40
2, 12, 31, 63, 47
2, 13, 31, 63, 56
2, 14, 31, 63, 59
2, 15, 31, 63, 67
2, 16, 31, 63, 68
2, 17, 31, 63, 71
1, 20, 31, 63, 79
1, 21, 31, 63, 87
1, 22, 31, 63, 93
1, 23, 31, 63, 96
1, 24, 31, 63, 105
1, 25, 31, 63, 108
1, 42, 31, 63, 111
1, 43, 31, 63, 114
1, 44, 31, 63, 114, 10
1, 45, 31, 63, 114, 15
1, 46, 31, 63, 114, 21
1, 47, 31, 63, 114, 25
1, 48, 31, 63, 114, 30
1, 49, 31, 63, 114, 33
1, 50, 31, 63, 114, 40
1, 51, 31, 63, 114, 47
1, 52, 31, 63, 114, 51
1, 53, 31, 63, 114, 53
1, 54, 31, 63, 114, 54
1, 55, 31, 63, 114, 59
1, 56, 31, 63, 114, 64
1, 57, 31, 63, 114, 69
1, 58, 31, 63, 114, 74
1, 59, 31, 63, 114, 83
2, 18, 31, 63, 115
2, 19, 31, 63, 119
2, 20, 31, 63, 121
2, 21, 31, 63, 122
2, 46, 31, 63, 126
2, 47, 31, 63, 127
2, 48, 31, 63, 127, 253
2, 49, 31, 63, 127, 255
2, 50, 31, 63, 127, 255, 10
2, 51, 31, 63, 127, 255, 13
2, 52, 31, 63, 127, 255, 20
2, 53, 31, 63, 127, 255, 24
2, 54, 31, 63, 127, 255, 27
2, 55, 31, 63, 127, 255, 37
2, 56, 31, 63, 127, 255, 40
2, 57, 31, 63, 127, 255, 49
2, 62, 31, 63, 127, 255, 51
2, 63, 31, 63, 127, 255, 51, 1016
2, 64, 31, 63, 127, 255, 51, 1018
2, 65, 31, 63, 127, 255, 51, 1023
2, 66, 31, 63, 127, 255, 51, 1023, 2040
2, 67, 31, 63, 127, 255, 51, 1023, 2046
2, 68, 31, 63, 127, 255, 51, 1023, 2047
2, 58, 31, 63, 127, 255, 52
2, 59, 31, 63, 127, 255, 62
2, 60, 31, 63, 127, 255, 63
2, 61, 31, 63, 127, 255, 68
1, 26, 31, 63, 127, 255, 76
1, 27, 31, 63, 127, 255, 81
1, 28, 31, 63, 127, 255, 89
1, 29, 31, 63, 127, 255, 92
1, 30, 31, 63, 127, 255, 101
1, 31, 31, 63, 127, 255, 104
1, 32, 31, 63, 127, 255, 107
1, 33, 31, 63, 127, 255, 117
1, 34, 31, 63, 127, 255, 126
1, 35, 31, 63, 127, 255, 128
1, 36, 31, 63, 127, 255, 136
1, 37, 31, 63, 127, 255, 141
1, 38, 31, 63, 127, 255, 148
1, 39, 31, 63, 127, 255, 155
1, 40, 31, 63, 127, 255, 159
1, 41, 31, 63, 127, 255, 165
2, 69, 31, 63, 127, 255, 505
2, 70, 31, 63, 127, 255, 511
2, 71, 31, 63, 127, 255, 511, 1
2, 72, 31, 63, 127, 255, 511, 5
