1, 0, 6
1, 1, 7
1, 2, 14
1, 3, 15
1, 4, 25
1, 5, 26
1, 6, 29
1, 7, 31
1, 8, 31, 1
1, 13, 31, 4
1, 14, 31, 8
1, 15, 31, 16
1, 16, 31, 25
1, 17, 31, 33
1, 18, 31, 36
1, 19, 31, 46
1, 20, 31, 50
1, 21, 31, 59
1, 22, 31, 62
1, 23, 31, 63
1, 24, 31, 63, 9
1, 25, 31, 63, 15
1, 26, 31, 63, 16
1, 27, 31, 63, 17
1, 28, 31, 63, 21
1, 29, 31, 63, 28
1, 30, 31, 63, 38
1, 31, 31, 63, 42
1, 32, 31, 63, 46
1, 33, 31, 63, 53
1, 34, 31, 63, 58
1, 35, 31, 63, 63
1, 36, 31, 63, 65
1, 37, 31, 63, 74
1, 38, 31, 63, 79
1, 39, 31, 63, 86
1, 40, 31, 63, 89
1, 41, 31, 63, 95
1, 42, 31, 63, 104
1, 43, 31, 63, 106
1, 44, 31, 63, 114
1, 45, 31, 63, 124
1, 46, 31, 63, 125
1, 47, 31, 63, 126
1, 48, 31, 63, 127
1, 49, 31, 63, 127, 7
1, 50, 31, 63, 127, 16
2, 3, 31, 63, 127, 25
1, 54, 31, 63, 127, 28
1, 55, 31, 63, 127, 36
1, 56, 31, 63, 127, 38
1, 57, 31, 63, 127, 41
1, 58, 31, 63, 127, 43
1, 59, 31, 63, 127, 53
1, 60, 31, 63, 127, 55
1, 61, 31, 63, 127, 64
1, 62, 31, 63, 127, 73
1, 63, 31, 63, 127, 82
1, 64, 31, 63, 127, 86
1, 65, 31, 63, 127, 91
1, 66, 31, 63, 127, 100
1, 67, 31, 63, 127, 102
1, 68, 31, 63, 127, 103
1, 69, 31, 63, 127, 105
1, 70, 31, 63, 127, 109
1, 71, 31, 63, 127, 115
1, 72, 31, 63, 127, 254
1, 73, 31, 63, 127, 255
1, 74, 31, 63, 127, 255, 503
1, 75, 31, 63, 127, 255, 509
1, 76, 31, 63, 127, 255, 510
1, 77, 31, 63, 127, 255, 511
