1, 0, 26
1, 1, 28
1, 2, 29
1, 3, 31
1, 8, 31, 60
1, 9, 31, 62
1, 10, 31, 63
1, 11, 31, 63, 10
1, 12, 31, 63, 11
1, 13, 31, 63, 16
1, 14, 31, 63, 23
1, 15, 31, 63, 29
1, 16, 31, 63, 39
1, 17, 31, 63, 49
1, 18, 31, 63, 52
1, 19, 31, 63, 54
1, 20, 31, 63, 60
1, 21, 31, 63, 69
1, 22, 31, 63, 72
1, 23, 31, 63, 82
1, 24, 31, 63, 83
1, 25, 31, 63, 93
1, 26, 31, 63, 101
1, 27, 31, 63, 107
1, 28, 31, 63, 111
1, 29, 31, 63, 114
1, 30, 31, 63, 115
1, 31, 31, 63, 117
1, 32, 31, 63, 126
1, 33, 31, 63, 127
1, 34, 31, 63, 127, 3
1, 35, 31, 63, 127, 10
1, 36, 31, 63, 127, 18
1, 37, 31, 63, 127, 24
1, 38, 31, 63, 127, 28
1, 39, 31, 63, 127, 37
1, 40, 31, 63, 127, 41
1, 41, 31, 63, 127, 47
1, 42, 31, 63, 127, 54
1, 43, 31, 63, 127, 60
1, 44, 31, 63, 127, 69
1, 45, 31, 63, 127, 78
1, 46, 31, 63, 127, 86
1, 47, 31, 63, 127, 91
1, 48, 31, 63, 127, 101
1, 49, 31, 63, 127, 110
1, 50, 31, 63, 127, 119
1, 51, 31, 63, 127, 120
1, 52, 31, 63, 127, 121
1, 53, 31, 63, 127, 122
1, 54, 31, 63, 127, 132
1, 55, 31, 63, 127, 137
1, 56, 31, 63, 127, 139
1, 57, 31, 63, 127, 146
1, 58, 31, 63, 127, 149
1, 59, 31, 63, 127, 155
1, 60, 31, 63, 127, 160
1, 61, 31, 63, 127, 162
1, 62, 31, 63, 127, 163
1, 63, 31, 63, 127, 167
1, 64, 31, 63, 127, 170
1, 65, 31, 63, 127, 177
1, 66, 31, 63, 127, 182
1, 67, 31, 63, 127, 190
1, 68, 31, 63, 127, 197
1, 69, 31, 63, 127, 203
1, 70, 31, 63, 127, 211
2, 0, 31, 63, 127, 252
2, 1, 31, 63, 127, 254
2, 2, 31, 63, 127, 255
2, 3, 31, 63, 127, 255, 507
2, 4, 31, 63, 127, 255, 511
2, 5, 31, 63, 127, 255, 511, 5
2, 6, 31, 63, 127, 255, 511, 11
2, 7, 31, 63, 127, 255, 511, 15
2, 8, 31, 63, 127, 255, 511, 25
2, 9, 31, 63, 127, 255, 511, 26
2, 10, 31, 63, 127, 255, 511, 29
2, 11, 31, 63, 127, 255, 511, 36
2, 12, 31, 63, 127, 255, 511, 44
1, 71, 31, 63, 127, 255, 511, 1017
1, 72, 31, 63, 127, 255, 511, 1019
1, 73, 31, 63, 127, 255, 511, 1020
1, 74, 31, 63, 127, 255, 511, 1021
1, 75, 31, 63, 127, 255, 511, 1023
1, 76, 31, 63, 127, 255, 511, 1023, 2044
1, 77, 31, 63, 127, 255, 511, 1023, 2045
1, 78, 31, 63, 127, 255, 511, 1023, 2046
